	-0.50 TO 0.50; 2.01 +- 0.29 (DSYS=+0.23,-0.38);							
	0.50 TO 1.50; 1.376 +- 0.135 (DSYS=+0.058,-0.058);							
	1.50 TO 2.50; 1.127 +- 0.091 (DSYS=+0.042,-0.032);							
	2.50 TO 3.50; 0.805 +- 0.073 (DSYS=+0.083,-0.064);							
	3.50 TO 4.50; 0.862 +- 0.085 (DSYS=+0.028,-0.027);							
	4.50 TO 5.50; 0.7192 +- 0.0980 (DSYS=+0.0081,-0.0236);							
	5.50 TO 6.50; 0.572 +- 0.125 (DSYS=+0.034,-0.069);							
	6.50 TO 7.50; 0.772 +- 0.251 (DSYS=+0.090,-0.105);							
						stat	sys+	sys-
	-0.5	0.5	2.01	0.37013511	0.478016736	0.29	0.23	0.38
	0.5	1.5	1.376	0.146931957	0.146931957	0.135	0.058	0.058
	1.5	2.5	1.127	0.100224747	0.096462428	0.091	0.042	0.032
	2.5	3.5	0.805	0.110535062	0.097082439	0.073	0.083	0.064
	3.5	4.5	0.862	0.089493016	0.089185201	0.085	0.028	0.027
	4.5	5.5	0.7192	0.098334175	0.100801587	0.098	0.0081	0.0236
	5.5	6.5	0.572	0.129541499	0.14277955	0.125	0.034	0.069
	6.5	7.5	0.772	0.266647708	0.272077195	0.251	0.09	0.105
