							
0.1000 TO 0.1750; 4.71 +- 0.29 (DSYS=+0.25,-0.29);							
0.1750 TO 0.2500; 1.29 +- 0.15 (DSYS=+0.19,-0.18);							
0.2500 TO 0.3250; 0.643 +- 0.107 (DSYS=+0.025,-0.018);							
0.3250 TO 0.4000; 0.339 +- 0.078 (DSYS=+0.044,-0.057);							
0.4000 TO 0.5000; 0.134 +- 0.042 (DSYS=+0.020,-0.015);							
					stat	sys+	sys-
0.1	0.175	4.71	0.382883794	0.410121933	0.29	0.25	0.29
0.175	0.25	1.29	0.242074369	0.23430749	0.15	0.19	0.18
0.25	0.325	0.643	0.109881755	0.108503456	0.107	0.025	0.018
0.325	0.4	0.0339	0.089554453	0.096607453	0.078	0.044	0.057
0.4	0.5	0.134	0.046518813	0.044598206	0.042	0.02	0.015
